1590,20160824657695767 73  44       0.99
1590,20160824657697391 38  8       0.85
1590,20160824657699731 15  22       -0.24
1590,20160824657703396 17  18       0.28
1590,20160824657705313 52  44       0.34
1590,20160824657714583 82  76       0.29
1590,20160824657715110 48  42       0.87
1590,20160824657715227 34  28       0.49
1590,20160824657717051 27  24       0.72
1590,20160824657717542 28  38       0.10
1590,20160824657717737 38  34       0.64
1590,20160824657729468 47  66       0.00
1590,20160824657729563 41  46       0.70
1590,20160824657730580 45  30       0.71
1590,20160824657731122 58  66       0.93
1590,20160824657731270 50  54       0.47
1590,20160824657731414 37  54       0.16
1590,20160824657732645 20  44       -0.90
1590,20160824657732878 58  22       0.72
1590,20160824657732966 55  34       0.64
1590,20160824657733338 64  50       0.88
1590,20160824657736762 39  32       0.41
1590,20160824657736942 42  26       0.74
1590,20160824657739367 43  38       0.15
1590,20160824657739833 57  32       1.00
1590,20160824657793290 55  32       0.97
1590,20160824657794853 51  24       0.93
1590,20160824657795648 39  16       0.34
1590,20160824657800125 38  32       0.37
1590,20160824657801280 19  20       0.33
1590,20160824657801486 17  8       0.12
1590,20160824657802143 63  54       0.87
1590,20160824657802828 24  30       0.26
1590,20160824657803576 34  22       0.57
1590,20160824657804495 32  12       0.45
1590,20160824657805034 55  32       0.99
1590,20160824657805836 45  48       0.23
1590,20160824657806192 15  16       0.08
1590,20160824657859082 78  92       0.68
1590,20160824657913022 40  50       0.20
1590,20160824657933734 90  58       0.98
1590,20160824657941013 78  42       0.98
1590,20160824657943337 58  52       0.92
1590,20160824657946545 120  150       -0.27
1590,20160824657982579 80  54       0.97
1590,20160824658009743 32  6       0.55
1590,20160824658010979 62  14       0.84
1590,20160824658026728 48  52       -0.22
1590,20160824658039065 35  68       -0.72
